2.474198842159455403e+00
2.474266880373621191e+00
2.454782181909165750e+00
2.225507111193235410e+00
2.474198842159455403e+00
2.474198841871183774e+00
2.474198842160239664e+00
2.474198842159455403e+00
2.474198842159455403e+00
2.474198842160239664e+00
2.474198842159455403e+00
2.474198842159455403e+00
2.474198842159455403e+00
2.474198842161102530e+00
2.474198805046906369e+00
2.917802165899929356e+00
2.474198842159455403e+00
2.474207000572850923e+00
2.512451976244271190e+00
2.499665860585602584e+00
2.474198842159455403e+00
2.474198842159455403e+00
2.474198842159455403e+00
2.601650626736807581e+00
2.996155913453129038e+00
2.996440694197221255e+00
3.017282143490998880e+00
2.996156012236879107e+00
2.996156007075952310e+00
2.996156012239854505e+00
2.996156012253809564e+00
2.996156012237084276e+00
2.996156026467943434e+00
2.996156012236879107e+00
2.996156012236879107e+00
2.996156012236879107e+00
2.996156010041238105e+00
2.996156007995358195e+00
2.517788538954988553e+00
2.996156012236879107e+00
2.996161606466066107e+00
2.995067478238653269e+00
2.954689617252902689e+00
2.996156012236879107e+00
2.996156012236879107e+00
2.996156012236879107e+00
2.926822040499305722e+00
2.996156012236879107e+00
2.503949681377643177e+00
2.503881069848970409e+00
2.569517401279515223e+00
1.738695097720101224e+00
2.503949681377643177e+00
2.503949681640606606e+00
2.503949681377643177e+00
2.503949681377643177e+00
2.503949681377643177e+00
2.503949681378427439e+00
2.503949681377643177e+00
2.503949681377643177e+00
2.503949681377643177e+00
2.503949681495272195e+00
2.503950606937522139e+00
2.414774898862170005e+00
2.503949681377643177e+00
2.504527537649350322e+00
7.136599889260955010e-01
2.982620777197531936e+00
2.503949681377643177e+00
2.503949681377643177e+00
2.503949681377643177e+00
2.537447097084392311e+00
1.774659167468857213e+00
7.116425458913244739e-01
2.351612817365171360e+00
1.753312005546109331e+00
1.753312005546109331e+00
1.753312005546109331e+00
1.753312005546109331e+00
1.753312005546109331e+00
1.753312005546109331e+00
1.753312005546109331e+00
1.753312005546109331e+00
1.753312005546109331e+00
1.753312005546109331e+00
1.753311056050471883e+00
1.358558521070813763e+00
1.753312005546109331e+00
1.753161687066804975e+00
2.404517298369457379e+00
1.709257952765780963e+00
1.753312005546109331e+00
1.753312005546109331e+00
1.753312005546109331e+00
1.575130309450051058e+00
1.753312005546109331e+00
2.157657698013859982e+00
2.157657698013859982e+00
2.052937888492782026e+00
2.673427491890789653e+00
2.157657698013859982e+00
2.157657698013859982e+00
2.157657698013859982e+00
2.157657698013859982e+00
2.157657698013859982e+00
2.157657698013859982e+00
2.157657698013859982e+00
2.157657698013859982e+00
2.157657698013859982e+00
2.157657697921086637e+00
2.157658656899850591e+00
2.848262486178569031e+00
2.157657698013859982e+00
2.157600519759408364e+00
2.233130186376999671e+00
1.997805326100368095e+00
2.157657698013859982e+00
2.157657698013859982e+00
2.157657698013859982e+00
2.377410982291213504e+00
2.984352209314691695e+00
3.009682840515378377e+00
2.861640103805685342e+00
2.984352209314691695e+00
2.984352207809690682e+00
2.984352209313504201e+00
2.984352209317906901e+00
2.984352209314713011e+00
2.984352221065738942e+00
2.984352209314691695e+00
2.984352209314691695e+00
2.984352209314691695e+00
2.984352209322743033e+00
2.984352244100393570e+00
2.844707098772912168e+00
2.984352209314691695e+00
2.984304279721288644e+00
2.938891949267682602e+00
3.008065840928789925e+00
2.984352209314691695e+00
2.984352209314691695e+00
2.984352209314691695e+00
2.934560184168685026e+00
2.984352209314691695e+00
2.685931931545548768e+00
2.685931931545548768e+00
2.723325107667233791e+00
2.592297406151493622e+00
2.685931931545548768e+00
2.685931931325596711e+00
2.685931931545580298e+00
2.685931931545493700e+00
2.685931931545548768e+00
2.685931932006468070e+00
2.685931931545548768e+00
2.685931931545548768e+00
2.685931931545548768e+00
2.685931931583450893e+00
2.685931921682681356e+00
1.463720710852057794e+00
2.685931931545548768e+00
2.686057286539357047e+00
2.655766884959937624e+00
2.755866656767093748e+00
2.685931931545548768e+00
2.685931931545548768e+00
2.685931931545548768e+00
2.800817711943956123e+00
4.914226584676087972e-01
7.561865678920007827e-01
1.228649540505269089e+00
4.914226584676087972e-01
4.914226584676087972e-01
4.914226584676087972e-01
4.914226584676087972e-01
4.914226584676087972e-01
4.914226584676087972e-01
4.914226584676087972e-01
4.914226584676087972e-01
4.914226584676087972e-01
4.914226584676087972e-01
4.914226965878275566e-01
2.817378933932826346e+00
4.914226584676087972e-01
4.913987246720047941e-01
5.513984451112815544e-01
4.033699382501128028e-01
4.914226584676087972e-01
4.914226584676087972e-01
4.914226584676087972e-01
4.679974775408218823e-01
4.914226584676087972e-01
3.031644670180635881e+00
3.031644670180635881e+00
3.025744741196276344e+00
3.026195329130482392e+00
3.031644670180635881e+00
3.031644670138315956e+00
3.031644670180635881e+00
3.031644670180635881e+00
3.031644670180635881e+00
3.031644670180635881e+00
3.031644670180635881e+00
3.031644670180635881e+00
3.031644670180635881e+00
3.031644670139100217e+00
3.031644641803899809e+00
2.180790757908678490e+00
3.038239316278952273e+00
3.031673838624385109e+00
3.030902530893834879e+00
2.992377966520318289e+00
3.031644670180635881e+00
3.031644670180635881e+00
3.031644670180635881e+00
2.833874045610497383e+00
2.345466956511145007e+00
2.412716790383301113e+00
2.454485929327199667e+00
2.345466956511145007e+00
2.345466956518989399e+00
2.345466956474811404e+00
2.345466956511145007e+00
2.345466956511145007e+00
2.345466956511145007e+00
2.345466956511145007e+00
2.345466956511145007e+00
2.345466956511145007e+00
2.345466956518989399e+00
2.345462283405161941e+00
2.765013664913342772e+00
1.669101594228537433e+00
2.350105077663708464e+00
2.434022426716180743e+00
1.823036666873762979e+00
2.345466956511145007e+00
2.345466956511145007e+00
2.345466956511145007e+00
2.502463488635098265e+00
2.345466956511145007e+00
4.667933690903590671e-01
4.667933690903590671e-01
5.758991458281209619e-01
4.271614578335748980e-01
4.667933690903590671e-01
4.667933690746707831e-01
4.667933690903590671e-01
4.667933690903590671e-01
4.667933690903590671e-01
4.667933690903590671e-01
4.667933690903590671e-01
4.667933690903590671e-01
4.667933690903590671e-01
4.667933690903590671e-01
4.667932151677962049e-01
1.732901925844515745e+00
7.088217526643951771e-01
4.665256905234403395e-01
2.084542817813561655e+00
4.956981124381498738e-01
4.667933690903590671e-01
4.667933690903590671e-01
4.667933690903590671e-01
1.120945902558133644e+00
1.048561919705029100e+00
1.029550914610568135e+00
1.201476906577964909e+00
1.048561919705029100e+00
1.048561919733518755e+00
1.048561919697185152e+00
1.048561919705029100e+00
1.048561919705029100e+00
1.048561919733518755e+00
1.048561919705029100e+00
1.048561919705029100e+00
1.048561919705029100e+00
1.048561918316192276e+00
1.048562162102339990e+00
1.102786069524096302e+00
1.222264728830581237e+00
1.047473426413087383e+00
9.103707694524211247e-01
1.308589153881411393e+00
1.048561919705029100e+00
1.048561919705029100e+00
1.048561919705029100e+00
1.967348451862182213e+00
1.048561919705029100e+00
2.387455538414516187e+00
2.385684456855972080e+00
2.310931689651386733e+00
7.787140029049207657e-01
2.387455538414516187e+00
2.387455539185573183e+00
2.387455538414516187e+00
2.387455538414516187e+00
2.387455538414516187e+00
2.387455538414516187e+00
2.387455538414516187e+00
2.387455538414516187e+00
2.387455538414516187e+00
2.387455539144821781e+00
2.387460433536082949e+00
2.351271861709411048e+00
2.705021793961852161e+00
2.386756738150766388e+00
1.159403100437299550e+00
1.618114678260382577e+00
2.387455538414516187e+00
2.387455538414516187e+00
2.387455538414516187e+00
2.443550188093778441e+00
1.744044794001428755e+00
1.658847005243922812e+00
2.406505219583740640e+00
1.743211751660368014e+00
1.743211750774380064e+00
1.743211751660368014e+00
1.743211751660368014e+00
1.743211751660368014e+00
1.743211751660368014e+00
1.743211751660368014e+00
1.743211751660368014e+00
1.743211751660368014e+00
1.743211751660368014e+00
1.743211855935457466e+00
5.358624488572942823e-01
1.595580803454608176e+00
1.743206956719007827e+00
1.842685951754980955e+00
1.606655921222282624e+00
1.743211751660368014e+00
1.743211751660368014e+00
1.743211751660368014e+00
1.409514236412479082e+00
1.743211751660368014e+00
7.117364644311998667e-01
7.104048637104992681e-01
6.382464865095358597e-01
1.255843541952864850e+00
7.117364644311998667e-01
7.117364639894224743e-01
7.117364644390439254e-01
7.117364644311998667e-01
7.117364644311998667e-01
7.117364644311998667e-01
7.117364644311998667e-01
7.117364644311998667e-01
7.117364644311998667e-01
7.117364644311998667e-01
7.117365064540154274e-01
2.084990984542612669e+00
9.559363301766966581e-01
7.117441327946163465e-01
6.286669855730239176e-01
6.366911126501552110e-01
7.117364644311998667e-01
7.117364644311998667e-01
7.117364644311998667e-01
8.330847794417586272e-01
2.493930450561305356e+00
2.477520638742603865e+00
2.282758071833307145e+00
2.494084475280673896e+00
2.494084473994311768e+00
2.494084475280673896e+00
2.494084475280673896e+00
2.494084475280673896e+00
2.494084475280673896e+00
2.494084475280673896e+00
2.494084475280673896e+00
2.494084475280673896e+00
2.494084475279889190e+00
2.494084364195733983e+00
1.753583199218035071e+00
2.557830395004229374e+00
2.494078350977939618e+00
2.421077772131786432e+00
2.534426473559486137e+00
2.494084475280673896e+00
2.494084475280673896e+00
2.494084475280673896e+00
2.314237594366376438e+00
2.494084475280673896e+00
2.151545741772568743e+00
2.153783196511997122e+00
2.013788476492305524e+00
1.865244184439384112e+00
2.151545741772568743e+00
2.151545741662783229e+00
2.151545741780412691e+00
2.151545741772568743e+00
2.151545741772568743e+00
2.151545741772568743e+00
2.151545741772568743e+00
2.151545741772568743e+00
2.151545741772568743e+00
2.151545742305054798e+00
2.151545707857020595e+00
1.213001288554107049e+00
2.330658679820253543e+00
2.151453105635136698e+00
2.042647921501933972e+00
2.141257797864302148e+00
2.151545741772568743e+00
2.151545741772568743e+00
2.151545741772568743e+00
2.528146381809896592e+00
7.622238356389001712e-01
1.299147382783798266e+00
1.234443774396717597e+00
7.620715848671000270e-01
7.620715848671000270e-01
7.620715848671000270e-01
7.620715848671000270e-01
7.620715848671000270e-01
7.620715848671000270e-01
7.620715848671000270e-01
7.620715848671000270e-01
7.620715848671000270e-01
7.620715845116080578e-01
7.620716306281581920e-01
2.256606019003538854e+00
8.285634452743544376e-01
7.623400067186677509e-01
1.059447787936362628e+00
7.988129519059469219e-01
7.620715848671000270e-01
7.620715848671000270e-01
7.620715848671000270e-01
9.727803585560975685e-01
7.620715848671000270e-01
2.281809460547284729e+00
2.281837134655078536e+00
2.301033123998224905e+00
2.557048378445698322e+00
2.281809460547284729e+00
2.281809460555402680e+00
2.281809460547729707e+00
2.281809460540231704e+00
2.281809460547277180e+00
2.281809460547284729e+00
2.281809460547284729e+00
2.281809460547284729e+00
2.281809460547284729e+00
2.281809459154196862e+00
2.281809430810548989e+00
7.686197498251085003e-01
2.274428664889951435e+00
2.281763474772434019e+00
2.299391002286639729e+00
2.261846184175822838e+00
2.281809460547284729e+00
2.281809460547284729e+00
2.281809460547284729e+00
2.673066645450835832e+00
2.225180849063057575e+00
2.179646255667364141e+00
1.537805676861153215e+00
2.228815796252409775e+00
2.228815796288743378e+00
2.228815795889073748e+00
2.228815796252409775e+00
2.228815796252409775e+00
2.228815796252409775e+00
2.228815796252409775e+00
2.228815796252409775e+00
2.228815796252409775e+00
2.228815796333705634e+00
2.228815774369968583e+00
2.815816754743607930e+00
2.359804019817838050e+00
2.228782817077495704e+00
2.140395443836018430e+00
2.229720889470228506e+00
2.228815796252409775e+00
2.228815796252409775e+00
2.228815796252409775e+00
1.813750745452114455e+00
2.228815796252409775e+00
2.965897132169191153e+00
2.965869899715957381e+00
2.977063341780188388e+00
3.019949296478679823e+00
2.965897132169191153e+00
2.965897131722211366e+00
2.965897132169191153e+00
2.965897132169191153e+00
2.965897132169191153e+00
2.965897131722211366e+00
2.965897132169191153e+00
2.965897132169191153e+00
2.965897132169191153e+00
2.965897132170338679e+00
2.965897241254585648e+00
2.930951603246692017e+00
3.009983917297107681e+00
2.965679018570204661e+00
2.864776112050742451e+00
2.947585020772601094e+00
2.965897132169191153e+00
2.965897132169191153e+00
2.965897132169191153e+00
2.876741214126299351e+00
2.554811488152656462e+00
2.687487014479390535e+00
2.319793003880427307e+00
2.554524811119653016e+00
2.554524811155986619e+00
2.554524811119653016e+00
2.554524811119653016e+00
2.554524811119653016e+00
2.554524811155986619e+00
2.554524811119653016e+00
2.554524811119653016e+00
2.554524811119653016e+00
2.554524811046985810e+00
2.554524751823377127e+00
2.813344805900243273e+00
2.187515009699172452e+00
2.555238016458246886e+00
2.934439155717133652e+00
2.669964554979523008e+00
2.554524811119653016e+00
2.554524811119653016e+00
2.554524811119653016e+00
2.694810709504441348e+00
2.554524811119653016e+00
4.298077273864401859e-01
4.284445324077113537e-01
8.419896306534302433e-01
6.127618823896142652e-01
4.298077273864401859e-01
4.298077273864401859e-01
4.298077273864401859e-01
4.298077273864401859e-01
4.298077273864401859e-01
4.298077273864401859e-01
4.298077273864401859e-01
4.298077273864401859e-01
4.298077273864401859e-01
4.298077273864401859e-01
4.298072105698677037e-01
2.644515267092849342e+00
1.170932569186846628e+00
4.284192906950061719e-01
6.806736379093056843e-01
7.560756423493626421e-01
4.298077273864401859e-01
4.298077273864401859e-01
4.298077273864401859e-01
1.207922732619021389e+00
2.529416038969121150e+00
2.487541838684221851e+00
2.458360597433745465e+00
2.529823196858634216e+00
2.529823196894967818e+00
2.529823196858634216e+00
2.529823196858634216e+00
2.529823196858634216e+00
2.529823196858634216e+00
2.529823196858634216e+00
2.529823196858634216e+00
2.529823196858634216e+00
2.529823196857771794e+00
2.529823223794898990e+00
5.042586082820863513e-01
2.563222855024425595e+00
2.529850391800718690e+00
2.510737387536133181e+00
2.452364176678438756e+00
2.529823196858634216e+00
2.529823196858634216e+00
2.529823196858634216e+00
2.799822953192147246e+00
2.529823196858634216e+00
1.099651317617462043e+00
1.100090497977125104e+00
1.339505436595444410e+00
2.669904986021248483e+00
1.099651317617462043e+00
1.099651318040664183e+00
1.099651317617462043e+00
1.099651317617462043e+00
1.099651317617462043e+00
1.099651317617462043e+00
1.099651317617462043e+00
1.099651317617462043e+00
1.099651317617462043e+00
1.099651317617462043e+00
1.099651100770592915e+00
2.755837531941693452e+00
8.319575262574802066e-01
1.099909500173765542e+00
2.170478899851232768e+00
1.138587790316048398e+00
1.099651317617462043e+00
1.099651317617462043e+00
1.099651317617462043e+00
1.099651317617462043e+00
2.994846509882070684e+00
2.985935346861129602e+00
2.793923840927271307e+00
2.994856729196875733e+00
2.994856728224535747e+00
2.994856729233209336e+00
2.994856729196875733e+00
2.994856729196875733e+00
2.994856729233209336e+00
2.994856729196875733e+00
2.994856729196875733e+00
2.994856729196875733e+00
2.994856729233209336e+00
2.994856734109294649e+00
2.975011409580790023e+00
3.010096115497954639e+00
2.994839702161403494e+00
2.948943047238858028e+00
2.992338313805702033e+00
2.994856729196875733e+00
2.994856729196875733e+00
2.994856729196875733e+00
2.994856729196875733e+00
2.994856729196875733e+00
2.012683864004011003e+00
2.011307055006370526e+00
2.058697931643687529e+00
1.494680559150156851e+00
2.012683864004011003e+00
2.012683863488781810e+00
2.012683864004011003e+00
2.012683864004011003e+00
2.012683864004011003e+00
2.012683864004011003e+00
2.012683864004011003e+00
2.012683864004011003e+00
2.012683864004011003e+00
2.012683864004011003e+00
2.012683503242453931e+00
1.705563708348254881e+00
1.971292033869827875e+00
2.011544358816514055e+00
1.664997572275601190e+00
2.042359935148157835e+00
2.012683864004011003e+00
2.012683864004011003e+00
2.012683864004011003e+00
2.012683864004011003e+00
8.690056027543724415e-01
1.254008507854014631e+00
5.759076744813067528e-01
9.574874794036754011e-01
9.574874793958312313e-01
9.574874794036754011e-01
9.574874794036754011e-01
9.574874794036754011e-01
9.574874794036754011e-01
9.574874794036754011e-01
9.574874794036754011e-01
9.574874794036754011e-01
9.574874794036754011e-01
9.574871776532640766e-01
1.215332741089474311e+00
7.169854717430074187e-01
9.561818186248651763e-01
5.071429866200107828e-01
9.718991408992253556e-01
9.574874794036754011e-01
9.574874794036754011e-01
9.574874794036754011e-01
9.574874794036754011e-01
9.574874794036754011e-01
2.796204136436978516e+00
2.796289829354876577e+00
2.778844648468297596e+00
2.734346586434373894e+00
2.796204136436978516e+00
2.796204136364311310e+00
2.796204136400644913e+00
2.796204136436978516e+00
2.796204136436978516e+00
2.796204136400644913e+00
2.796204136436978516e+00
2.796204136436978516e+00
2.796204136436978516e+00
2.796204136632555404e+00
2.796204145045602996e+00
2.147528421723511549e+00
2.791728401708562401e+00
2.796206671396933352e+00
2.804626230590547387e+00
2.786262619101055993e+00
2.796204136436978516e+00
2.796204136436978516e+00
2.796204136436978516e+00
2.796204136436978516e+00
1.727555211232707943e+00
1.825034396467098974e+00
2.035758266150068607e+00
1.728361104461203057e+00
1.728361104461203057e+00
1.728361104461203057e+00
1.728361104461203057e+00
1.728361104461203057e+00
1.728361104461203057e+00
1.728361104461203057e+00
1.728361104461203057e+00
1.728361104461203057e+00
1.728361104003737658e+00
1.728360979461834868e+00
2.715924905283316981e+00
1.753245411399773968e+00
1.728364795082342420e+00
1.664472099909824143e+00
1.760829399732119160e+00
1.728361104461203057e+00
1.728361104461203057e+00
1.728361104461203057e+00
1.728361104461203057e+00
1.728361104461203057e+00
1.621838682589405334e+00
1.632214107819418780e+00
1.598284920498301398e+00
3.154682169446945683e-01
1.621838682589405334e+00
1.621838682589405334e+00
1.621838682589405334e+00
1.621838682589405334e+00
1.621838682589405334e+00
1.621838682589405334e+00
1.621838682589405334e+00
1.621838682589405334e+00
1.621838682589405334e+00
1.621838681705066065e+00
1.621837629407634651e+00
1.657699111182501239e+00
1.430304493866432880e+00
1.623646777521613682e+00
8.035757992703222996e-01
1.688300399530172413e+00
1.621838682589405334e+00
1.621838682589405334e+00
1.621838682589405334e+00
1.621838682589405334e+00
3.250762046600220945e+00
2.109910648925070742e+00
3.787575640226178986e-01
3.128256867704256372e+00
3.128256867704256372e+00
3.128256867704256372e+00
3.128256867704256372e+00
3.128256867704256372e+00
3.128256867704256372e+00
3.128256867704256372e+00
3.128256867704256372e+00
3.128256867704256372e+00
3.128256867704256372e+00
3.128246619319619448e+00
1.647945907100408558e+00
2.575873793798266309e+00
3.134866251863281494e+00
9.341044026100648878e-01
3.248828379453808868e+00
3.128256867704256372e+00
3.128256867704256372e+00
3.128256867704256372e+00
3.128256867704256372e+00
3.128256867704256372e+00
