First Order Sensitivity Indices are:
 [ 8.74224530e-04  2.17128220e-02  2.24014175e-01  0.00000000e+00
  3.91669626e-11  4.55760754e-13 -1.27594226e-13 -1.44545296e-16
 -8.28556482e-11  0.00000000e+00  0.00000000e+00  0.00000000e+00
 -2.12843488e-10 -1.48795381e-07  5.60125228e-01 -3.99933712e-02
  2.50081942e-04  6.34769563e-03  1.84038462e-03  0.00000000e+00
  0.00000000e+00  0.00000000e+00 -4.72561318e-02] 
Total Order Sensitivity Indices are:
 [5.39943030e-06 1.28889504e-02 3.75267189e-01 0.00000000e+00
 7.34899470e-20 6.41549551e-23 2.21025551e-24 2.53221831e-30
 1.83738403e-20 0.00000000e+00 0.00000000e+00 0.00000000e+00
 1.60098319e-19 1.21439119e-12 7.87527686e-01 4.05423108e-02
 3.34734877e-07 4.16200140e-01 4.32874906e-02 0.00000000e+00
 0.00000000e+00 0.00000000e+00 6.54024073e-02] 
